6.655735053213671093e-02
1.300792154009595691e-01
1.615824391083124645e-01
1.829770273424219662e-01
1.389079224622229991e-01
2.486791611552540138e-01
3.816606632601544091e-01
3.898340045921752095e-01
4.424188073746482819e-01
5.292123776296527859e-01
5.848534409210989216e-01
7.149918847368945674e-01
7.304947509475424594e-01
8.352254096291753527e-01
9.072731163785811015e-01
9.674290124220016329e-01
1.018650258665877439e+00
1.065445084859541147e+00
1.151384308652102950e+00
1.108183080151069921e+00
1.169268801189718987e+00
1.195611658904140784e+00
1.183453278333429504e+00
1.161607873793010670e+00
1.166323306653385794e+00
1.145124230166864487e+00
1.044322589795499523e+00
1.060993707473653735e+00
1.007756502461873538e+00
8.733739367459117942e-01
8.177937341308429975e-01
6.425542570865225844e-01
5.582151705209836834e-01
5.200832165412373476e-01
4.181582518835055828e-01
2.443952831820310756e-01
3.102302792472786883e-02
-7.136693838427468455e-03
-1.649766138771486257e-01
-2.655016086218468518e-01
-3.773726684476950144e-01
-4.827226718250423598e-01
-6.210133241317368213e-01
-7.072741557427889569e-01
-7.712643469844807642e-01
-8.735211380163911965e-01
-8.774245523245830514e-01
-9.535350188884949008e-01
-1.071676851635428251e+00
-1.024450718961708029e+00
-1.014599717632050480e+00
-1.018140036971853180e+00
-9.442554707997178332e-01
-9.206257825111078263e-01
-8.745466666294785529e-01
-8.772089760300731953e-01
-6.907766111524216157e-01
-5.960299117307530370e-01
-5.127189284498265831e-01
-4.131432314444611897e-01
-2.403988859406822332e-01
-1.168243173282787206e-01
6.052741258963535709e-02
1.898054590416244636e-01
2.910541109796411230e-01
4.806308711279891899e-01
6.196413602265478104e-01
7.488720374765442944e-01
8.728142139994745641e-01
9.349479505642293020e-01
1.018839500678158538e+00
1.070734023052801298e+00
1.124317199807282064e+00
1.221025690312870227e+00
1.189704186473926617e+00
1.178707335063990058e+00
1.175295876521186056e+00
1.157997049563437741e+00
1.086307011163246905e+00
1.028901637620982079e+00
9.394050035644321284e-01
8.044021797386055050e-01
6.912681120387481615e-01
5.550435334599588266e-01
4.489257331044316790e-01
3.449995571609642542e-01
1.853080250450603872e-01
-9.411154609612594479e-03
-1.967116205367062665e-01
-2.659420598180942674e-01
-4.286317435990788516e-01
-6.166506413847793189e-01
-7.178362308887689114e-01
-8.707414308175930318e-01
-1.002159360786779141e+00
-1.095377806221858874e+00
-1.186208556159628058e+00
-1.259554085104044319e+00
-1.336260906133331483e+00
-1.340592394771820350e+00
-1.373238282258584242e+00
-1.392201334765740484e+00
-1.319133886235379416e+00
-1.287199889190289381e+00
-1.272914462826062243e+00
-1.171383021761034149e+00
-1.079692102423584155e+00
-9.687962897396577011e-01
-8.253574788067714607e-01
-6.658437957577777455e-01
-5.748838841548790102e-01
-4.026655549369287934e-01
-2.303586544191447150e-01
1.055932292106927239e-02
1.356627660024666560e-01
3.375352242369554778e-01
4.835105815904679472e-01
6.785601485820695888e-01
8.461124058346969345e-01
1.065790471414103324e+00
1.166998905273760156e+00
1.306852508872930363e+00
1.374252515634974525e+00
1.513628954060885823e+00
1.626945862402471521e+00
1.699909070577517278e+00
1.723109658969345981e+00
1.754946404553172412e+00
